0.1 50
17.183277130126953
0.5 50
19.915642023086548
1 50
16.694302320480347
1.5 50
17.863434076309204
2 50
17.583961963653564
5 50
19.467347383499146
0.1 100
22.036150693893433
0.5 100
21.585510730743408
1 100
22.992587566375732
1.5 100
20.782938480377197
2 100
21.50530505180359
5 100
20.906359672546387
0.1 150
20.586153030395508
0.5 150
19.7338924407959
1 150
16.932539224624634
1.5 150
25.164997100830078
2 150
20.535133123397827
5 150
18.49048948287964
0.1 200
20.40530824661255
0.5 200
20.1346275806427
1 200
20.534934520721436
1.5 200
19.623331785202026
2 200
20.174346923828125
5 200
22.16197633743286
0.1 250
17.621245861053467
0.5 250
20.34784460067749
1 250
18.197420358657837
1.5 250
23.487278938293457
2 250
20.922370672225952
5 250
18.703775644302368
0.1 500
17.478530645370483
0.5 500
19.407520294189453
1 500
20.10308575630188
1.5 500
16.416502475738525
2 500
15.391523122787476
5 500
18.044562816619873
30.389087438583374
2.578956365585327
167.71901655197144
0.3057551383972168
